Player,Pos
Carson Palmer,QB
Rudi Johnson,HB
Jeremi Johnson,FB
T.J. Houshmandzadeh,WR
Chad Johnson,WR
Reggie Kelly,TE
Andrew Whitworth,LT
Stacy Andrews,LG
Alex Stepanovich,C
Bobbie Williams,RG
Willie Anderson,RT
Robert Geathers,LDE
John Thornton,DT
Domata Peko,DT
Justin Smith,RDE
Lemar Marshall,SLB
Caleb Miller,MLB
Landon Johnson,WLB
Deltha O'Neal,LCB
Johnathan Joseph,RCB
Dexter Jackson,SS
Madieu Williams,FS
