Player,Pos
Chad Henne,QB
Ronnie Brown,RB
Lousaka Polite,FB
Brandon Marshall,WR
Brian Hartline,WR
Anthony Fasano,TE
Jake Long,LT
Richie Incognito,LG
Joe Berger,C
John Jerry,RG
Vernon Carey,RT
Kendall Langford,LDE
Randy Starks,NT
Jared Odrick,RDE
Karlos Dansby,ILB
Bobby Carpenter,ILB
Cameron Wake,WLB
Vontae Davis,LCB
Benny Sapp,CB
Jason Allen,RCB
Yeremiah Bell,SS
Chris Clemons,FS
